300.0	0.0
302.0	-0.00197057512911
304.0	-0.00213610208442
306.0	-0.00355531160454
308.0	-0.0178187746875
310.0	-0.0605247363626
312.0	-0.130702338033
314.0	-0.214250683196
316.0	-0.293771643691
318.0	-0.347618721603
320.0	-0.365609361979
322.0	-0.354717423855
324.0	-0.330012167795
326.0	-0.298826240015
328.0	-0.264650036754
330.0	-0.230482718767
332.0	-0.198546996442
334.0	-0.168581025946
336.0	-0.141624063292
338.0	-0.116500638305
340.0	-0.0951202857957
342.0	-0.0779193549581
344.0	-0.0639384098979
346.0	-0.05174216504
348.0	-0.0408662375354
350.0	-0.0319516519237
352.0	-0.0251106349869
354.0	-0.0199445621611
356.0	-0.015162946028
358.0	-0.0109292567635
360.0	-0.00684504960301
362.0	-0.0050642745533
364.0	-0.00397800331652
366.0	-0.00244665076475
368.0	-0.00149698692067
370.0	-0.00157768681154
372.0	-0.000876020130694
374.0	0.000414332544505
376.0	0.00100472377602
378.0	0.00181417866681
380.0	0.00134132858241
382.0	0.00142275717238
384.0	0.000839292401251
386.0	0.0013954066492
388.0	0.00227775227797
390.0	0.00163476611191
392.0	0.000509894737226
394.0	0.000327853979887
396.0	0.00108567212733
398.0	0.00143701201245
400.0	0.00122105993727
402.0	0.000442842447303
404.0	-0.000460012862022
406.0	-0.000944416461414
408.0	-0.000469788263341
410.0	-2.80952886343e-05
412.0	0.000306626956161
414.0	-9.26712498634e-05
416.0	-0.000293301050233
418.0	0.000613968998971
420.0	0.000343112122108
422.0	0.000811876075031
424.0	0.000984174005353
426.0	0.00161043504536
428.0	0.00213032224806
430.0	0.00220445348814
432.0	0.0022585269685
434.0	0.0012964243437
436.0	0.00130852311808
438.0	0.00168015300855
440.0	0.000605958302022
442.0	0.000274333195037
444.0	9.84987493895e-05
446.0	0.0002962626848
448.0	0.000181777197675
450.0	0.000936214988576
452.0	0.00159616606593
454.0	0.00119858273977
456.0	0.00122289964043
458.0	0.00144327715484
460.0	0.0016526333675
702.0	0.0
704.0	-0.00138106495046
706.0	-0.00468048877931
708.0	-0.0285876338335
710.0	-0.0848985166195
712.0	-0.16377102706
714.0	-0.25373775935
716.0	-0.345056494614
718.0	-0.436018930394
720.0	-0.523652793323
722.0	-0.607847664556
724.0	-0.687383816159
726.0	-0.758409897548
728.0	-0.80516852095
730.0	-0.811208865635
732.0	-0.782434625663
734.0	-0.732478036044
736.0	-0.671508280383
738.0	-0.607018583912
740.0	-0.542564989732
742.0	-0.480111859281
744.0	-0.422203906826
746.0	-0.368154987586
748.0	-0.319905917685
750.0	-0.276852071868
752.0	-0.237972378584
754.0	-0.205312311351
756.0	-0.176371678905
758.0	-0.151568076414
760.0	-0.130238747166
762.0	-0.11202855949
764.0	-0.0965739957171
766.0	-0.0831144988703
768.0	-0.0710829743895
770.0	-0.0613541574636
772.0	-0.0536959968241
774.0	-0.0461906485969
776.0	-0.0400144613464
778.0	-0.0348806457213
780.0	-0.0303965438468
782.0	-0.0269040730573
784.0	-0.0234782515791
786.0	-0.0207094147287
788.0	-0.0186889619181
790.0	-0.0172306046635
792.0	-0.0155670656913
794.0	-0.0137539211215
796.0	-0.0111336351659
798.0	-0.00999666573478
800.0	-0.00948707923899
802.0	-0.00822971267089
804.0	-0.0070157077281
806.0	-0.00658806409982
808.0	-0.00571295339046
810.0	-0.00513956851993
812.0	-0.00401191979517
814.0	-0.00408548307395
816.0	-0.00339446494446
818.0	-0.00280382582316
820.0	-0.00270626844912
822.0	-0.00267960440317
824.0	-0.00328726575671
826.0	-0.00338701027956
828.0	-0.0025668136023
830.0	-0.00295388195864
832.0	-0.00362023401524
834.0	-0.00238362487871
836.0	-0.00163963735461
838.0	-0.00113628722962
840.0	-0.000751650092428
842.0	-0.000263114699259
844.0	-0.000653388755996
846.0	-0.00113623656486
848.0	-0.00133520259004
850.0	-0.00128784723235
852.0	-0.00170667716433
854.0	-0.00241285294861
856.0	-0.00253304052046
858.0	-0.00216187112864
860.0	-0.00204593298906
862.0	-0.00229480485262
1102.0	0.0
1104.0	-0.00151018942668
1106.0	-0.0045404360907
1108.0	-0.0274368555604
1110.0	-0.0836386909297
1112.0	-0.167418086076
1114.0	-0.26593032553
1116.0	-0.368884693146
1118.0	-0.471372464823
1120.0	-0.57054885426
1122.0	-0.663063231243
1124.0	-0.748831132323
1126.0	-0.825921940579
1128.0	-0.879599777592
1130.0	-0.894273677335
1132.0	-0.8710798268
1134.0	-0.822601799721
1136.0	-0.761497084266
1138.0	-0.695820687127
1140.0	-0.628290766918
1142.0	-0.562731481531
1144.0	-0.501790065936
1146.0	-0.444728104183
1148.0	-0.392107977532
1150.0	-0.344416903598
1152.0	-0.30202693488
1154.0	-0.264239132004
1156.0	-0.230884634355
1158.0	-0.201424022472
1160.0	-0.176404680026
1162.0	-0.154811222745
1164.0	-0.135608296423
1166.0	-0.119276632634
1168.0	-0.105548403566
1170.0	-0.0935644626077
1172.0	-0.0835732075172
1174.0	-0.0736540478567
1176.0	-0.0652351198975
1178.0	-0.0586425311591
1180.0	-0.0523246280783
1182.0	-0.0460052658412
1184.0	-0.0406181257918
1186.0	-0.036155272007
1188.0	-0.0327522691658
1190.0	-0.0292578232415
1192.0	-0.0257605108752
1194.0	-0.0229759596718
1196.0	-0.0206352496106
1198.0	-0.0186129693191
1200.0	-0.0162607920381
1202.0	-0.0143222007719
1204.0	-0.0128383021209
1206.0	-0.0120530883237
1208.0	-0.011033689529
1210.0	-0.0104746447886
1212.0	-0.00955031046728
1214.0	-0.00832709800505
1216.0	-0.00711852652423
1218.0	-0.0062581214788
1220.0	-0.00658886183659
1222.0	-0.0062595292952
1224.0	-0.00608321644216
1226.0	-0.00524314530342
1228.0	-0.0050949813007
1230.0	-0.00472232467814
1232.0	-0.00417330387237
1234.0	-0.00391081978795
1236.0	-0.00329065647065
1238.0	-0.00191544160348
1240.0	-0.00125261891069
1242.0	-0.000944463963405
1244.0	-0.000420273265049
1246.0	-3.51817962057e-05
1248.0	0.000163194383911
1250.0	4.77269595281e-05
1252.0	-0.000229356505074
1254.0	-0.000165660801074
1256.0	3.91546844154e-05
1258.0	0.000948121141446
1260.0	0.000577911185532
1262.0	-0.000381872195819
1502.0	0.0
1504.0	-0.000426659631006
1506.0	-0.00261569291491
1508.0	-0.0220944080197
1510.0	-0.0759397638541
1512.0	-0.158564032902
1514.0	-0.258260974181
1516.0	-0.363469420288
1518.0	-0.469261514211
1520.0	-0.570585577825
1522.0	-0.666229419085
1524.0	-0.754017858205
1526.0	-0.832400817894
1528.0	-0.889564358688
1530.0	-0.908877420016
1532.0	-0.889806949003
1534.0	-0.844528887054
1536.0	-0.785099510672
1538.0	-0.719499808359
1540.0	-0.652149154847
1542.0	-0.586507397645
1544.0	-0.524471576378
1546.0	-0.46611343833
1548.0	-0.41256019173
1550.0	-0.363784279247
1552.0	-0.319954770848
1554.0	-0.280794346232
1556.0	-0.246898615752
1558.0	-0.217176832672
1560.0	-0.190859378565
1562.0	-0.168538392458
1564.0	-0.148536214522
1566.0	-0.131461438178
1568.0	-0.117236131346
1570.0	-0.103679673652
1572.0	-0.0922366074686
1574.0	-0.0819225297505
1576.0	-0.0733926758067
1578.0	-0.0664204220914
1580.0	-0.059303991382
1582.0	-0.0530199871122
1584.0	-0.0481231425472
1586.0	-0.0433231561059
1588.0	-0.0387750944665
1590.0	-0.0351042697486
1592.0	-0.0318454927132
1594.0	-0.0291045755832
1596.0	-0.0261976817678
1598.0	-0.0240034767807
1600.0	-0.0212999761614
1602.0	-0.0193793007683
1604.0	-0.0181027786843
1606.0	-0.016616333939
1608.0	-0.0148417012003
1610.0	-0.0136802348902
1612.0	-0.0122228665439
1614.0	-0.0109961055799
1616.0	-0.0100475893251
1618.0	-0.00862347825286
1620.0	-0.00756546291124
1622.0	-0.00681917178097
1624.0	-0.00598691142486
1626.0	-0.00580017276667
1628.0	-0.00569643463056
1630.0	-0.00551899741731
1632.0	-0.00541114085108
1634.0	-0.00477275005774
1636.0	-0.0049986330106
1638.0	-0.00396960991031
1640.0	-0.00330612990792
1642.0	-0.00294094332146
1644.0	-0.00312451008403
1646.0	-0.00332863814923
1648.0	-0.00290643903951
1650.0	-0.00291048789714
1652.0	-0.00262410515033
1654.0	-0.00223329483277
1656.0	-0.00198573523681
1658.0	-0.00107591257372
1660.0	-0.000890541892183
1662.0	-0.000970696004079
1902.0	0.0
1904.0	-0.000502691679416
1906.0	-0.00284236662267
1908.0	-0.0210085763229
1910.0	-0.0720265545919
1912.0	-0.151449153344
1914.0	-0.248992819315
1916.0	-0.352615462468
1918.0	-0.457439230572
1920.0	-0.558515793892
1922.0	-0.655250030747
1924.0	-0.744466503326
1926.0	-0.823908705806
1928.0	-0.882870286136
1930.0	-0.905100861435
1932.0	-0.890793554149
1934.0	-0.850218266452
1936.0	-0.79420287245
1938.0	-0.730383299707
1940.0	-0.664543876661
1942.0	-0.599288416036
1944.0	-0.536637952055
1946.0	-0.477498067501
1948.0	-0.42350603646
1950.0	-0.374125967782
1952.0	-0.329304182913
1954.0	-0.289898745224
1956.0	-0.255450469917
1958.0	-0.225285892512
1960.0	-0.198139496206
1962.0	-0.174980761873
1964.0	-0.154475106454
1966.0	-0.136731881995
1968.0	-0.121127756725
1970.0	-0.106693951881
1972.0	-0.0946024223954
1974.0	-0.0840919260972
1976.0	-0.0752563185603
1978.0	-0.0674264735928
1980.0	-0.0601589807583
1982.0	-0.0543729545451
1984.0	-0.0495364146877
1986.0	-0.044705061356
1988.0	-0.0400030641593
1990.0	-0.0364931117107
1992.0	-0.033368509806
1994.0	-0.030434724972
1996.0	-0.0271642112869
1998.0	-0.024975574273
2000.0	-0.0227198319876
2002.0	-0.0205392815591
2004.0	-0.0189278514236
2006.0	-0.0172502811352
2008.0	-0.01529706673
2010.0	-0.0138301561799
2012.0	-0.0120679344939
2014.0	-0.0110797470612
2016.0	-0.0102760558798
2018.0	-0.00891075262421
2020.0	-0.00750409995445
2022.0	-0.00663007083896
2024.0	-0.0058363214774
2026.0	-0.00592020735175
2028.0	-0.00539958192423
2030.0	-0.00539215651293
2032.0	-0.00562076839129
2034.0	-0.00446839156547
2036.0	-0.00465764702484
2038.0	-0.00417725578741
2040.0	-0.00354378996843
2042.0	-0.00297763422054
2044.0	-0.00344647966029
2046.0	-0.0041863507058
2048.0	-0.00399774357375
2050.0	-0.00364066860202
2052.0	-0.00329469758264
2054.0	-0.00323563072834
2056.0	-0.00315341674732
2058.0	-0.00250873822868
2060.0	-0.00207982072578
2062.0	-0.00170781375627
2302.0	0.0
2304.0	-0.00100988476715
2306.0	-0.00251001664326
2308.0	-0.0174604985556
2310.0	-0.0631252069146
2312.0	-0.138338153885
2314.0	-0.232584538746
2316.0	-0.334433432377
2318.0	-0.437309204676
2320.0	-0.538372375887
2322.0	-0.634065211382
2324.0	-0.723517750221
2326.0	-0.803815120668
2328.0	-0.866763068523
2330.0	-0.896503230807
2332.0	-0.88843048018
2334.0	-0.850774598158
2336.0	-0.796603692425
2338.0	-0.735009423744
2340.0	-0.669614290519
2342.0	-0.604299895088
2344.0	-0.542239354366
2346.0	-0.483252850321
2348.0	-0.429132025274
2350.0	-0.379792705843
2352.0	-0.335667929827
2354.0	-0.295266688498
2356.0	-0.260292514768
2358.0	-0.229464940987
2360.0	-0.202124508142
2362.0	-0.179049444718
2364.0	-0.157981906369
2366.0	-0.139393139358
2368.0	-0.123668278817
2370.0	-0.109615152864
2372.0	-0.0974128473199
2374.0	-0.0869147819762
2376.0	-0.0780872600398
2378.0	-0.0705071950266
2380.0	-0.0632279298286
2382.0	-0.0564069855908
2384.0	-0.0505367055725
2386.0	-0.0457485158257
2388.0	-0.0408454365105
2390.0	-0.036603827755
2392.0	-0.0326376487951
2394.0	-0.0298002861457
2396.0	-0.0276032476548
2398.0	-0.0249491845011
2400.0	-0.022114146177
2402.0	-0.0197832540306
2404.0	-0.0178710705361
2406.0	-0.0160751327892
2408.0	-0.0147519341929
2410.0	-0.0133067107909
2412.0	-0.0120237004291
2414.0	-0.0106246184903
2416.0	-0.00954338387677
2418.0	-0.00836643197065
2420.0	-0.00763339336929
2422.0	-0.00662585504122
2424.0	-0.00561639483051
2426.0	-0.00531188625931
2428.0	-0.00517868807566
2430.0	-0.00432187862631
2432.0	-0.00377526046831
2434.0	-0.00349122940995
2436.0	-0.00352132353264
2438.0	-0.00280818733637
2440.0	-0.00287160962475
2442.0	-0.00221457527096
2444.0	-0.00132237538404
2446.0	-0.00121142068684
2448.0	-0.0014609462141
2450.0	-0.00118104608744
2452.0	-0.00102044924889
2454.0	-0.000161699823651
2456.0	-0.000309054214643
2458.0	0.000324978519937
2460.0	0.000537750751651
2462.0	0.000221317479947
2702.0	0.0
2704.0	-0.00113477176696
2706.0	-0.00213031691037
2708.0	-0.0146764348935
2710.0	-0.0562723945181
2712.0	-0.126956319762
2714.0	-0.21793032143
2716.0	-0.317751426785
2718.0	-0.419434860545
2720.0	-0.519252722877
2722.0	-0.614251271472
2724.0	-0.702673564441
2726.0	-0.781983025844
2728.0	-0.844777605895
2730.0	-0.875800236392
2732.0	-0.871219266545
2734.0	-0.838018913279
2736.0	-0.787897528482
2738.0	-0.728879896282
2740.0	-0.665901502548
2742.0	-0.602225683219
2744.0	-0.541328336464
2746.0	-0.483233996056
2748.0	-0.429790116857
2750.0	-0.380847535487
2752.0	-0.336944576699
2754.0	-0.297494158589
2756.0	-0.262815476668
2758.0	-0.232186049873
2760.0	-0.204705749894
2762.0	-0.181574294109
2764.0	-0.160571387412
2766.0	-0.141861681881
2768.0	-0.125510003163
2770.0	-0.111154478812
2772.0	-0.0990871898357
2774.0	-0.0884342913309
2776.0	-0.0790606356999
2778.0	-0.070718421992
2780.0	-0.0632121658972
2782.0	-0.0570264298446
2784.0	-0.0516848043226
2786.0	-0.0467075744587
2788.0	-0.0417347019341
2790.0	-0.037804743524
2792.0	-0.0343063762002
2794.0	-0.0313827559744
2796.0	-0.0285889909423
2798.0	-0.0260835431593
2800.0	-0.0235456557485
2802.0	-0.0211312773958
2804.0	-0.019375054345
2806.0	-0.0176186880839
2808.0	-0.015882121369
2810.0	-0.0143645634764
2812.0	-0.0128320666058
2814.0	-0.0116223310075
2816.0	-0.0106448730883
2818.0	-0.00951680663557
2820.0	-0.00837625717342
2822.0	-0.00715630424571
2824.0	-0.00596549364699
2826.0	-0.00596588293946
2828.0	-0.00557147739009
2830.0	-0.00491133704278
2832.0	-0.00470623844206
2834.0	-0.00404620241899
2836.0	-0.00406812620411
2838.0	-0.0037002386925
2840.0	-0.0033965225605
2842.0	-0.0028432712188
2844.0	-0.00274719488676
2846.0	-0.00303497867349
2848.0	-0.00300757054203
2850.0	-0.00253782308767
2852.0	-0.00228073946367
2854.0	-0.00152848409729
2856.0	-0.00162510702378
2858.0	-0.0011105645555
2860.0	-0.000659875532523
2862.0	-0.0006986541962
3102.0	0.0
3104.0	-0.000228769997539
3106.0	-0.00140068166388
3108.0	-0.0125495122295
3110.0	-0.0505584960376
3112.0	-0.117539379338
3114.0	-0.204303740916
3116.0	-0.299967369449
3118.0	-0.397294754448
3120.0	-0.493283628152
3122.0	-0.583520379123
3124.0	-0.66745639313
3126.0	-0.743496865448
3128.0	-0.804883293566
3130.0	-0.838319181769
3132.0	-0.838440059034
3134.0	-0.810351339889
3136.0	-0.765605714799
3138.0	-0.710900321531
3140.0	-0.651255283483
3142.0	-0.591031000642
3144.0	-0.532816202938
3146.0	-0.477140988159
3148.0	-0.425376061509
3150.0	-0.378133410827
3152.0	-0.335097821198
3154.0	-0.296442701591
3156.0	-0.262100256608
3158.0	-0.23191508428
3160.0	-0.205127961636
3162.0	-0.181283338558
3164.0	-0.160187110532
3166.0	-0.141574524189
3168.0	-0.124929262286
3170.0	-0.110952445295
3172.0	-0.0995429062165
3174.0	-0.0887123256936
3176.0	-0.0792169506002
3178.0	-0.0705547262222
3180.0	-0.063506665493
3182.0	-0.0570186659981
3184.0	-0.0510815312681
3186.0	-0.0462638923125
3188.0	-0.0417079006104
3190.0	-0.0376169873292
3192.0	-0.0340114049871
3194.0	-0.0306122470305
3196.0	-0.0273677726098
3198.0	-0.0247065089689
3200.0	-0.0228542822633
3202.0	-0.0208464850117
3204.0	-0.0184140777803
3206.0	-0.0171077781778
3208.0	-0.0161694754653
3210.0	-0.0147945179827
3212.0	-0.0133277475279
3214.0	-0.0125235365476
3216.0	-0.0112478385622
3218.0	-0.00991231597882
3220.0	-0.00942450141366
3222.0	-0.00875650096155
3224.0	-0.00810681518911
3226.0	-0.00735161494309
3228.0	-0.00636611706402
3230.0	-0.00509290204889
3232.0	-0.00435991515314
3234.0	-0.00404953510753
3236.0	-0.00347788856758
3238.0	-0.00289777348745
3240.0	-0.00271425502192
3242.0	-0.00250802389947
3244.0	-0.00186295884386
3246.0	-0.00132232049805
3248.0	-0.00130271073342
3250.0	-0.00104752642284
3252.0	-0.00146855651081
3254.0	-0.0015340620099
3256.0	-0.00117602675488
3258.0	-0.000589274832838
3260.0	-0.000351235977581
3262.0	-0.000697579252752
3502.0	0.0
3504.0	0.000220551163891
3506.0	-0.000183047252499
3508.0	-0.00730637145606
3510.0	-0.0387566172277
3512.0	-0.0982975022539
3514.0	-0.17811126697
3516.0	-0.26760337079
3518.0	-0.359296192589
3520.0	-0.450050091281
3522.0	-0.535706141834
3524.0	-0.615380543669
3526.0	-0.687645421378
3528.0	-0.748645302147
3530.0	-0.785930019862
3532.0	-0.792027261218
3534.0	-0.770178426012
3536.0	-0.731354501721
3538.0	-0.681901203795
3540.0	-0.62703627936
3542.0	-0.571074683275
3544.0	-0.516410274883
3546.0	-0.463794116955
3548.0	-0.414793868702
3550.0	-0.369947031829
3552.0	-0.328943729184
3554.0	-0.291702016741
3556.0	-0.258864975203
3558.0	-0.230026192449
3560.0	-0.204006079549
3562.0	-0.180948906842
3564.0	-0.160361733826
3566.0	-0.142052542481
3568.0	-0.125754227316
3570.0	-0.111797578981
3572.0	-0.100286755633
3574.0	-0.0897595647339
3576.0	-0.0805583821955
3578.0	-0.0719846075863
3580.0	-0.064916519958
3582.0	-0.0585301949257
3584.0	-0.0527975020246
3586.0	-0.0480419252906
3588.0	-0.0431329426584
3590.0	-0.0389533820088
3592.0	-0.035418734561
3594.0	-0.0321306694116
3596.0	-0.0289582662025
3598.0	-0.0262057430369
3600.0	-0.0242450225873
3602.0	-0.0222951006167
3604.0	-0.0198924581804
3606.0	-0.0183212676045
3608.0	-0.0172859716076
3610.0	-0.0156878486204
3612.0	-0.0141464199874
3614.0	-0.0133255720524
3616.0	-0.01213787333
3618.0	-0.0106559934877
3620.0	-0.00975082113565
3622.0	-0.00889382856342
3624.0	-0.00792749011535
3626.0	-0.00735442722003
3628.0	-0.00642517383084
3630.0	-0.00500597271108
3632.0	-0.00426805631579
3634.0	-0.00402335033737
3636.0	-0.00375026907143
3638.0	-0.00336125047167
3640.0	-0.00335509802678
3642.0	-0.00314253607419
3644.0	-0.00250304216517
3646.0	-0.00200203156158
3648.0	-0.00198838100923
3650.0	-0.0016750498077
3652.0	-0.00192581417829
3654.0	-0.00172598518337
3656.0	-0.00138255664579
3658.0	-0.000858061775565
3660.0	-0.00041911293318
3662.0	-0.000510735211814
3902.0	0.0
3904.0	-0.000450351206926
3906.0	-0.00121734735536
3908.0	-0.00795968016932
3910.0	-0.0361194426604
3912.0	-0.0898049818506
3914.0	-0.163300051776
3916.0	-0.246312322544
3918.0	-0.331671388374
3920.0	-0.415910908932
3922.0	-0.496041554634
3924.0	-0.569774635313
3926.0	-0.635754185971
3928.0	-0.690878048472
3930.0	-0.724339367811
3932.0	-0.731127565428
3934.0	-0.71332105612
3936.0	-0.679505173773
3938.0	-0.63534668293
3940.0	-0.58664769194
3942.0	-0.536034326389
3944.0	-0.485887618292
3946.0	-0.437695189435
3948.0	-0.39286777412
3950.0	-0.351255383668
3952.0	-0.313289401459
3954.0	-0.279139520693
3956.0	-0.248790915739
3958.0	-0.221803274049
3960.0	-0.197083914927
3962.0	-0.175593044448
3964.0	-0.156300978198
3966.0	-0.139146576987
3968.0	-0.123412433517
3970.0	-0.109545602241
3972.0	-0.0979042888261
3974.0	-0.0878975207055
3976.0	-0.078946238495
3978.0	-0.0703473496014
3980.0	-0.063283490407
3982.0	-0.057629262019
3984.0	-0.0525149084735
3986.0	-0.0477036588081
3988.0	-0.0427647918789
3990.0	-0.0388142212958
3992.0	-0.0354154955153
3994.0	-0.0322513606041
3996.0	-0.0293565461266
3998.0	-0.0268761422019
4000.0	-0.0247261175619
4002.0	-0.0223199122449
4004.0	-0.0202221104631
4006.0	-0.018408024777
4008.0	-0.0167918105783
4010.0	-0.0150961332199
4012.0	-0.0134463175914
4014.0	-0.0123300877257
4016.0	-0.0114783024787
4018.0	-0.0103009069459
4020.0	-0.00897830429581
4022.0	-0.00780588546657
4024.0	-0.0065682772714
4026.0	-0.00639017323908
4028.0	-0.00565190766938
4030.0	-0.0048673147501
4032.0	-0.00452757256813
4034.0	-0.0037916556293
4036.0	-0.0038602882372
4038.0	-0.00387121316982
4040.0	-0.00353868147634
4042.0	-0.00305155717701
4044.0	-0.00296763752755
4046.0	-0.00337691460848
4048.0	-0.00338415362221
4050.0	-0.00267898328376
4052.0	-0.00240042816901
4054.0	-0.00209601560114
4056.0	-0.00205176862097
4058.0	-0.0016946577044
4060.0	-0.00117841423944
4062.0	-0.000811297491335
4302.0	0.0
4304.0	-0.000370395412513
4306.0	-0.000882219654131
4308.0	-0.00608007788512
4310.0	-0.0293563511359
4312.0	-0.0757990295713
4314.0	-0.140277082403
4316.0	-0.214182629431
4318.0	-0.290374168191
4320.0	-0.366000148726
4322.0	-0.437425908777
4324.0	-0.502937408664
4326.0	-0.562282228969
4328.0	-0.612322168433
4330.0	-0.644458430815
4332.0	-0.653427872832
4334.0	-0.640384370153
4336.0	-0.613098563967
4338.0	-0.575726090232
4340.0	-0.533604572788
4342.0	-0.489669618125
4344.0	-0.446015079548
4346.0	-0.403941836323
4348.0	-0.363953291402
4350.0	-0.326610593717
4352.0	-0.292631096719
4354.0	-0.261917685703
4356.0	-0.234143305401
4358.0	-0.209183002977
4360.0	-0.186634347061
4362.0	-0.166648141393
4364.0	-0.148669920524
4366.0	-0.132860459051
4368.0	-0.11837370668
4370.0	-0.105714567702
4372.0	-0.0953122343292
4374.0	-0.0856217657403
4376.0	-0.0766848502821
4378.0	-0.0683011075827
4380.0	-0.061591055134
4382.0	-0.0559432817316
4384.0	-0.0509803048932
4386.0	-0.0461202731059
4388.0	-0.0416227206686
4390.0	-0.0377099780739
4392.0	-0.0343803243597
4394.0	-0.0310969460773
4396.0	-0.0281859862716
4398.0	-0.0258546673827
4400.0	-0.0237137772217
4402.0	-0.0214890194628
4404.0	-0.0195582989822
4406.0	-0.0181410645713
4408.0	-0.0166817562552
4410.0	-0.0153733801429
4412.0	-0.013962903264
4414.0	-0.0127634307693
4416.0	-0.0117667659922
4418.0	-0.010667374642
4420.0	-0.0098131090926
4422.0	-0.00879114305181
4424.0	-0.00759487304336
4426.0	-0.00700585329398
4428.0	-0.00633787512845
4430.0	-0.00540319868233
4432.0	-0.00472290462262
4434.0	-0.00433952969614
4436.0	-0.00414746843997
4438.0	-0.00384781061893
4440.0	-0.00317016067475
4442.0	-0.00300369230481
4444.0	-0.00296588442227
4446.0	-0.00293919190983
4448.0	-0.00256020172796
4450.0	-0.00203409513571
4452.0	-0.00195772891167
4454.0	-0.00177327292404
4456.0	-0.00140771642103
4458.0	-0.000895239215342
4460.0	-0.000638827580537
4462.0	-0.000652939987579
4702.0	0.0
4704.0	-0.00064444784358
4706.0	-0.00139674633867
4708.0	-0.00591880199007
4710.0	-0.0247521489236
4712.0	-0.063732415764
4714.0	-0.11890721306
4716.0	-0.182923059469
4718.0	-0.248939385777
4720.0	-0.314594743454
4722.0	-0.376141031386
4724.0	-0.431965211682
4726.0	-0.482456512483
4728.0	-0.524832594316
4730.0	-0.552951660354
4732.0	-0.56272951142
4734.0	-0.554118744977
4736.0	-0.533213941376
4738.0	-0.503003623938
4740.0	-0.468434774086
4742.0	-0.431857990194
4744.0	-0.395074884608
4746.0	-0.359640156166
4748.0	-0.325456722454
4750.0	-0.293151037975
4752.0	-0.263802623726
4754.0	-0.237300383104
4756.0	-0.212910036527
4758.0	-0.190676785804
4760.0	-0.170710818058
4762.0	-0.15280424528
4764.0	-0.136715402624
4766.0	-0.122702223704
4768.0	-0.109580229718
4770.0	-0.0981332259694
4772.0	-0.0887356613678
4774.0	-0.0798199977667
4776.0	-0.071393014564
4778.0	-0.0634487769864
4780.0	-0.0572921179901
4782.0	-0.0521056727984
4784.0	-0.047488035033
4786.0	-0.042838822449
4788.0	-0.0388339890747
4790.0	-0.0351341232829
4792.0	-0.0319174537684
4794.0	-0.0287063905162
4796.0	-0.0261116844572
4798.0	-0.0240286469228
4800.0	-0.0219676000235
4802.0	-0.0197181472451
4804.0	-0.0179321012186
4806.0	-0.0167253997068
4808.0	-0.0153306735885
4810.0	-0.0142495865115
4812.0	-0.0130172367148
4814.0	-0.0117049026789
4816.0	-0.0107832080638
4818.0	-0.00993532875954
4820.0	-0.0093570365077
4822.0	-0.0084150073982
4824.0	-0.00729766889548
4826.0	-0.00655366283099
4828.0	-0.00596839091474
4830.0	-0.00519308840285
4832.0	-0.00443865257622
4834.0	-0.00408829974579
4836.0	-0.00381492780869
4838.0	-0.00351355064831
4840.0	-0.00262304848156
4842.0	-0.00249234036924
4844.0	-0.0025015694193
4846.0	-0.00255102898096
4848.0	-0.00211123634811
4850.0	-0.00152866778448
4852.0	-0.00142047567989
4854.0	-0.00137315457303
4856.0	-0.00100007274567
4858.0	-0.000512105913915
4860.0	-0.000440846340429
4862.0	-0.000525495315418
5102.0	0.0
5104.0	-0.000926298324866
5106.0	-0.00127540407266
5108.0	-0.0038034928014
5110.0	-0.0173400654079
5112.0	-0.0477827742171
5114.0	-0.0927229515434
5116.0	-0.145982424992
5118.0	-0.201137449308
5120.0	-0.255811513302
5122.0	-0.306904219397
5124.0	-0.352548401344
5126.0	-0.393445599808
5128.0	-0.428377035624
5130.0	-0.452717154287
5132.0	-0.462595833257
5134.0	-0.45737698776
5136.0	-0.441807254378
5138.0	-0.418472843625
5140.0	-0.391482092895
5142.0	-0.362406684471
5144.0	-0.332997726722
5146.0	-0.304609039547
5148.0	-0.276937270608
5150.0	-0.250359620215
5152.0	-0.2265842707
5154.0	-0.204679489833
5156.0	-0.184598951274
5158.0	-0.165960780742
5160.0	-0.149043939986
5162.0	-0.134374787112
5164.0	-0.120792135496
5166.0	-0.108968163268
5168.0	-0.0980884774285
5170.0	-0.0880786651028
5172.0	-0.0796028762329
5174.0	-0.0719548856315
5176.0	-0.0646081293654
5178.0	-0.0577809686751
5180.0	-0.0521290206543
5182.0	-0.0475428869515
5184.0	-0.0437107268422
5186.0	-0.039417402005
5188.0	-0.0355840504295
5190.0	-0.0321589311336
5192.0	-0.0291979379935
5194.0	-0.0265209340599
5196.0	-0.0246403903731
5198.0	-0.0228243421285
5200.0	-0.0204225590423
5202.0	-0.0181803219504
5204.0	-0.0169616799152
5206.0	-0.01564475931
5208.0	-0.0140244457532
5210.0	-0.0130265776382
5212.0	-0.0119879150997
5214.0	-0.010399668468
5216.0	-0.00971907477631
5218.0	-0.00907613798653
5220.0	-0.00828448569756
5222.0	-0.0071298917557
5224.0	-0.00569340664873
5226.0	-0.0052356512012
5228.0	-0.00514035619309
5230.0	-0.00463839579402
5232.0	-0.00399611850225
5234.0	-0.00371399243557
5236.0	-0.0038504108341
5238.0	-0.00362211157072
5240.0	-0.00269984678614
5242.0	-0.00248458706478
5244.0	-0.00264685065775
5246.0	-0.00298685686338
5248.0	-0.00249551345536
5250.0	-0.00186632733216
5252.0	-0.00135672668676
5254.0	-0.00079802598567
5256.0	-0.000618106991689
5258.0	-0.000171862101411
5260.0	-8.96314403472e-05
5262.0	-5.41201808864e-05
5502.0	0.0
5504.0	-0.00119999582719
5506.0	-0.00165506010536
5508.0	-0.00419086382711
5510.0	-0.0147191157504
5512.0	-0.0383931890139
5514.0	-0.073611207768
5516.0	-0.11578568665
5518.0	-0.159556614296
5520.0	-0.20330781241
5522.0	-0.244195971089
5524.0	-0.280766686928
5526.0	-0.313737781487
5528.0	-0.341119416586
5530.0	-0.359827192331
5532.0	-0.367941214435
5534.0	-0.364636923082
5536.0	-0.35325155913
5538.0	-0.335293280644
5540.0	-0.314310956991
5542.0	-0.291353943382
5544.0	-0.268162472069
5546.0	-0.245785016787
5548.0	-0.223662063225
5550.0	-0.202273916006
5552.0	-0.183240661461
5554.0	-0.166105261173
5556.0	-0.14981872238
5558.0	-0.134529520207
5560.0	-0.120883266344
5562.0	-0.108922957982
5564.0	-0.0979443834261
5566.0	-0.088392995733
5568.0	-0.0792871278246
5570.0	-0.0713130862496
5572.0	-0.0647855724965
5574.0	-0.058420305244
5576.0	-0.0520203338288
5578.0	-0.0460723748339
5580.0	-0.041485671782
5582.0	-0.0379237454216
5584.0	-0.034835617545
5586.0	-0.0312008174086
5588.0	-0.0283665563368
5590.0	-0.0257061248253
5592.0	-0.0233555772413
5594.0	-0.0210151398833
5596.0	-0.0193218338785
5598.0	-0.0179678501682
5600.0	-0.0161708491241
5602.0	-0.0142247177185
5604.0	-0.0132493548601
5606.0	-0.0124162508279
5608.0	-0.0110579366134
5610.0	-0.0104322282519
5612.0	-0.00962589048267
5614.0	-0.00833962816154
5616.0	-0.00773473408964
5618.0	-0.00741172974729
5620.0	-0.00703767907395
5622.0	-0.00611925606429
5624.0	-0.0050514848907
5626.0	-0.00456491049239
5628.0	-0.00437992016462
5630.0	-0.00405989695394
5632.0	-0.00353835857351
5634.0	-0.00323088586363
5636.0	-0.00306136687055
5638.0	-0.00287563696584
5640.0	-0.00183134636924
5642.0	-0.00172785024425
5644.0	-0.00207514541322
5646.0	-0.00238813233382
5648.0	-0.00185694039814
5650.0	-0.00128174141322
5652.0	-0.000975342332223
5654.0	-0.000710530042888
5656.0	-0.00051493195869
5658.0	-0.00016580257116
5660.0	-0.000209222325665
5662.0	-0.000342663630388
5904.0	0.0
5906.0	0.000593439493964
5908.0	-0.0018052466695
5910.0	-0.00995946307736
5912.0	-0.0276216364892
5914.0	-0.0549416517526
5916.0	-0.0878925376597
5918.0	-0.12226806167
5920.0	-0.156267488188
5922.0	-0.188399881401
5924.0	-0.217830688849
5926.0	-0.243008475607
5928.0	-0.265009822843
5930.0	-0.280366655494
5932.0	-0.286797149689
5934.0	-0.28457887079
5936.0	-0.275599377709
5938.0	-0.262254495814
5940.0	-0.245774472015
5942.0	-0.228642659916
5944.0	-0.211862556999
5946.0	-0.194033895681
5948.0	-0.177592730623
5950.0	-0.161698664745
5952.0	-0.146424941987
5954.0	-0.131920095414
5956.0	-0.118627359122
5958.0	-0.106919955061
5960.0	-0.0962551198876
5962.0	-0.0867563323108
5964.0	-0.0773871492715
5966.0	-0.0694180553773
5968.0	-0.0633461416787
5970.0	-0.0576653850009
5972.0	-0.0515256870134
5974.0	-0.0459980495427
5976.0	-0.0414230642361
5978.0	-0.0378335145069
5980.0	-0.0344505638899
5982.0	-0.031522838706
5984.0	-0.0282938199159
5986.0	-0.0255166343846
5988.0	-0.0231395495148
5990.0	-0.0211318938274
5992.0	-0.0188642756884
5994.0	-0.0166972391685
5996.0	-0.0147353331877
5998.0	-0.0135478161553
6000.0	-0.0124708849366
6002.0	-0.0111955854899
6004.0	-0.0100928367146
6006.0	-0.00886917620324
6008.0	-0.00814717614058
6010.0	-0.00761483971712
6012.0	-0.00706056889238
6014.0	-0.00639140134114
6016.0	-0.00547465152783
6018.0	-0.00505898436628
6020.0	-0.00430277369851
6022.0	-0.00414371983932
6024.0	-0.00418124166082
6026.0	-0.0040378301943
6028.0	-0.00314605483626
6030.0	-0.00292060625371
6032.0	-0.0028603234175
6034.0	-0.00228797391218
6036.0	-0.00204248317256
6038.0	-0.00213114998699
6040.0	-0.00157547486281
6042.0	-0.00104818013094
6044.0	-0.000857630011381
6046.0	-0.000447917435904
6048.0	-0.000557603653835
6050.0	-0.000454385982332
6052.0	-0.000295278781468
6054.0	-0.000157316094451
6056.0	-0.000869447053772
6058.0	-0.000472816125685
6060.0	3.62881184536e-05
6062.0	-0.000277934743913
6064.0	-6.79100603253e-05
6304.0	0.0
6306.0	0.00125522483561
6308.0	-0.000706580851311
6310.0	-0.00660282644197
6312.0	-0.0202151961928
6314.0	-0.0418665671174
6316.0	-0.0680597586179
6318.0	-0.0951355778194
6320.0	-0.121854209742
6322.0	-0.146649162592
6324.0	-0.168972920417
6326.0	-0.187656802785
6328.0	-0.203920730731
6330.0	-0.21578740659
6332.0	-0.221651502288
6334.0	-0.220951027675
6336.0	-0.214855991325
6338.0	-0.205197296341
6340.0	-0.192641335244
6342.0	-0.179465050254
6344.0	-0.166847198961
6346.0	-0.152923238874
6348.0	-0.140073179669
6350.0	-0.127714881825
6352.0	-0.115969988206
6354.0	-0.104315231263
6356.0	-0.0936491199835
6358.0	-0.0844631763566
6360.0	-0.0763329080639
6362.0	-0.0689384363503
6364.0	-0.0611451350525
6366.0	-0.0547810111886
6368.0	-0.050022572894
6370.0	-0.0454969658472
6372.0	-0.0405391319816
6374.0	-0.0361330292355
6376.0	-0.0325390159899
6378.0	-0.029954099266
6380.0	-0.0273497136849
6382.0	-0.0252072209246
6384.0	-0.0226145137896
6386.0	-0.0203243503973
6388.0	-0.0186277667034
6390.0	-0.0170125408225
6392.0	-0.015191685696
6394.0	-0.0135495133726
6396.0	-0.0119145513109
6398.0	-0.0107144692246
6400.0	-0.00977320839106
6402.0	-0.00906492565103
6404.0	-0.00846984637447
6406.0	-0.00723673778533
6408.0	-0.00667740533949
6410.0	-0.00651202277527
6412.0	-0.00595609739837
6414.0	-0.00532118576026
6416.0	-0.00485591531768
6418.0	-0.00450071520449
6420.0	-0.00363668816151
6422.0	-0.00342905953838
6424.0	-0.00368296129598
6426.0	-0.0037532333678
6428.0	-0.00291650016769
6430.0	-0.00247445402056
6432.0	-0.00224435030221
6434.0	-0.00172887295886
6436.0	-0.00156096985695
6438.0	-0.00162758746611
6440.0	-0.00118532697845
6442.0	-0.000948057759
6444.0	-0.000889888917867
6446.0	-0.000411798903058
6448.0	-0.000300968423722
6450.0	-0.000277483218775
6452.0	-0.000252403879386
6454.0	-0.000307782417736
6456.0	-0.00120589639355
6458.0	-0.00072481407825
6460.0	-0.000304803320811
6462.0	-0.000493242521234
6464.0	-0.000184002147439
6704.0	0.0
6706.0	-0.000386420867585
6708.0	-0.00190086952249
6710.0	-0.00701490831613
6712.0	-0.0165306055351
6714.0	-0.0314125138297
6716.0	-0.0496687695727
6718.0	-0.0693406346248
6720.0	-0.0888744425366
6722.0	-0.108120338678
6724.0	-0.125783708994
6726.0	-0.141242648201
6728.0	-0.155093040268
6730.0	-0.164350285508
6732.0	-0.168344411662
6734.0	-0.168040760294
6736.0	-0.1639641885
6738.0	-0.157342057134
6740.0	-0.148569219704
6742.0	-0.139072789476
6744.0	-0.129289766698
6746.0	-0.119068145616
6748.0	-0.109612571421
6750.0	-0.100087525774
6752.0	-0.0907627808246
6754.0	-0.0822131344727
6756.0	-0.0745829318727
6758.0	-0.0672500901017
6760.0	-0.0602975884605
6762.0	-0.0544275523442
6764.0	-0.0486619675066
6766.0	-0.0436958646545
6768.0	-0.0398252400608
6770.0	-0.0359564063869
6772.0	-0.0323674306413
6774.0	-0.029293789047
6776.0	-0.0262793561269
6778.0	-0.0235082466265
6780.0	-0.0209599871211
6782.0	-0.0190920392469
6784.0	-0.01714039031
6786.0	-0.015324170018
6788.0	-0.0136440249632
6790.0	-0.0126649788179
6792.0	-0.0112947123883
6794.0	-0.00987440574134
6796.0	-0.00850688043165
6798.0	-0.00779971544655
6800.0	-0.00721675085644
6802.0	-0.0064416454276
6804.0	-0.00552121402321
6806.0	-0.00479343345195
6808.0	-0.00456929834527
6810.0	-0.00420809774888
6812.0	-0.00408475931215
6814.0	-0.00379595719152
6816.0	-0.00311242053178
6818.0	-0.00276908788456
6820.0	-0.00261023819601
6822.0	-0.00290262511223
6824.0	-0.00285875292051
6826.0	-0.00279077627257
6828.0	-0.00210472568206
6830.0	-0.00196170266496
6832.0	-0.00194427337258
6834.0	-0.00150375940257
6836.0	-0.00137208832479
6838.0	-0.00110377454363
6840.0	-0.000746590876852
6842.0	-0.000157988420959
6844.0	-7.36838901811e-05
6846.0	9.29509027267e-05
6848.0	4.17590650967e-05
6850.0	0.000195514356613
6852.0	0.000390797112098
6854.0	0.000379204831895
6856.0	-6.70207671829e-05
6858.0	0.000151890489173
6860.0	0.000437953109187
6862.0	8.9523931884e-05
6864.0	-7.58197890123e-05
7104.0	0.0
7106.0	-0.000432103517076
7108.0	-0.0015881389991
7110.0	-0.00489057508626
7112.0	-0.0114800525546
7114.0	-0.0223623131024
7116.0	-0.0365287747124
7118.0	-0.0518591230466
7120.0	-0.0670995350942
7122.0	-0.0820310360444
7124.0	-0.096002024087
7126.0	-0.108220213567
7128.0	-0.118469649104
7130.0	-0.125938138673
7132.0	-0.12974590189
7134.0	-0.13026204191
7136.0	-0.127365493399
7138.0	-0.121898572201
7140.0	-0.114998226664
7142.0	-0.107671873162
7144.0	-0.0997674712265
7146.0	-0.0913214965332
7148.0	-0.083465045524
7150.0	-0.0761289525043
7152.0	-0.0689215813159
7154.0	-0.0623145701549
7156.0	-0.056198197316
7158.0	-0.0507601883952
7160.0	-0.0456529620679
7162.0	-0.0410064978436
7164.0	-0.036844317853
7166.0	-0.0331368830395
7168.0	-0.0300799700079
7170.0	-0.0270265600627
7172.0	-0.0239963355601
7174.0	-0.0210719480284
7176.0	-0.0190875833259
7178.0	-0.0174273637674
7180.0	-0.0157041353456
7182.0	-0.014278888241
7184.0	-0.0129564828229
7186.0	-0.0116137309477
7188.0	-0.0105401862323
7190.0	-0.0095247184968
7192.0	-0.00845606704499
7194.0	-0.00730344895225
7196.0	-0.00650234901017
7198.0	-0.00635988482429
7200.0	-0.00584538577044
7202.0	-0.00513726011682
7204.0	-0.00426877609108
7206.0	-0.00366623300006
7208.0	-0.00313565525454
7210.0	-0.00277914075561
7212.0	-0.00239567468612
7214.0	-0.00210519360989
7216.0	-0.0015166015059
7218.0	-0.00143708457739
7220.0	-0.00135796517133
7222.0	-0.00123301766277
7224.0	-0.00101936779865
7226.0	-0.00082217140059
7228.0	-0.000620886278332
7230.0	-0.00061113145464
7232.0	-0.000695064784873
7234.0	-0.000540120468353
7236.0	-0.000277035635733
7238.0	-0.000385030211026
7240.0	-0.00041086520501
7242.0	-0.000303709303717
7244.0	5.21053045796e-05
7246.0	0.000354563121881
7248.0	-4.38982039811e-05
7250.0	-0.000291460818335
7252.0	4.80047875217e-05
7254.0	0.000305607872632
7256.0	0.000229505895351
7258.0	6.61764684181e-05
7260.0	0.000118032992817
7262.0	2.37608780053e-05
7264.0	0.000209146085175
7504.0	0.0
7506.0	-0.000387401741585
7508.0	-0.00149756912661
7510.0	-0.0041158014949
7512.0	-0.00912483380028
7514.0	-0.0177310584508
7516.0	-0.0291394558114
7518.0	-0.0413642430967
7520.0	-0.0533108747387
7522.0	-0.0650850331482
7524.0	-0.0759615233577
7526.0	-0.0854312567005
7528.0	-0.0929867034112
7530.0	-0.0988378865731
7532.0	-0.102382183853
7534.0	-0.103403209367
7536.0	-0.101324510069
7538.0	-0.0969356648258
7540.0	-0.0916921979509
7542.0	-0.086073818579
7544.0	-0.0798578938023
7546.0	-0.0730241280095
7548.0	-0.0666857604492
7550.0	-0.0609988735217
7552.0	-0.0553796912829
7554.0	-0.0502083639104
7556.0	-0.0450927637662
7558.0	-0.0408282334427
7560.0	-0.0368234666606
7562.0	-0.0330847841779
7564.0	-0.029801594357
7566.0	-0.0268166997745
7568.0	-0.0243185641142
7570.0	-0.0218532359798
7572.0	-0.0192990678096
7574.0	-0.0165742807081
7576.0	-0.0151427380966
7578.0	-0.014121421992
7580.0	-0.0129266889179
7582.0	-0.0118419550026
7584.0	-0.01066850936
7586.0	-0.00938230428337
7588.0	-0.00865192534137
7590.0	-0.0077161490607
7592.0	-0.0067045366868
7594.0	-0.00555549908719
7596.0	-0.00498535195888
7598.0	-0.00523168426206
7600.0	-0.00471535985247
7602.0	-0.00403677812694
7604.0	-0.00323485866143
7606.0	-0.00259645671683
7608.0	-0.00198076321941
7610.0	-0.00180606009308
7612.0	-0.00135594137014
7614.0	-0.00115027648254
7616.0	-0.000580496952088
7618.0	-0.000570983920966
7620.0	-0.000531489919574
7622.0	-0.000407987578647
7624.0	-0.000214498763785
7626.0	-4.58782636015e-05
7628.0	9.80537136166e-05
7630.0	3.64351734445e-05
7632.0	1.22242500678e-05
7634.0	0.000187190173209
7636.0	0.00037610114533
7638.0	0.00016799040711
7640.0	6.06815262854e-05
7642.0	-0.000126595625303
7644.0	0.000337466491184
7646.0	0.000941360252698
7648.0	0.000557180867611
7650.0	6.84553968137e-05
7652.0	0.00042295519023
7654.0	0.000717066756211
7656.0	0.000756417826977
7658.0	0.000449061115368
7660.0	0.000421470268476
7662.0	0.000349362164504
7664.0	0.000583989033596
7904.0	0.0
7906.0	-0.000289469865383
7908.0	-0.00149648933257
7910.0	-0.00388984040849
7912.0	-0.00797134694607
7914.0	-0.0146418769108
7916.0	-0.0239425087353
7918.0	-0.0338760376434
7920.0	-0.0438250206655
7922.0	-0.0533310756528
7924.0	-0.0626013080343
7926.0	-0.0703647568807
7928.0	-0.0762112737237
7930.0	-0.0801797550928
7932.0	-0.0820377139132
7934.0	-0.0831851763434
7936.0	-0.0827558405723
7938.0	-0.0802655137148
7940.0	-0.0763439039096
7942.0	-0.0724317333012
7944.0	-0.0676806042294
7946.0	-0.0618702656428
7948.0	-0.0565145027203
7950.0	-0.0518615014214
7952.0	-0.0471321882632
7954.0	-0.0424517091434
7956.0	-0.0385523952124
7958.0	-0.0350416886445
7960.0	-0.0317902291674
7962.0	-0.0285132857013
7964.0	-0.0254915094897
7966.0	-0.0230336313681
7968.0	-0.0209726555587
7970.0	-0.0184197115064
7972.0	-0.0159390937226
7974.0	-0.013542860204
7976.0	-0.0123049528668
7978.0	-0.0113248977193
7980.0	-0.00991591720099
7982.0	-0.00899964225862
7984.0	-0.00852044958361
7986.0	-0.00773282565211
7988.0	-0.00712555790645
7990.0	-0.00639281403612
7992.0	-0.00581317102389
7994.0	-0.00513347962448
7996.0	-0.00455977374197
7998.0	-0.00436547254149
8000.0	-0.00406418873307
8002.0	-0.00385832833284
8004.0	-0.00312398544351
8006.0	-0.00252856152571
8008.0	-0.00201376392494
8010.0	-0.00167367130809
8012.0	-0.00119418389956
8014.0	-0.0007977237385
8016.0	-0.000527940368704
8018.0	-0.000643232298206
8020.0	-0.000620858998091
8022.0	-0.000260143601224
8024.0	-9.78064288409e-05
8026.0	-4.88736715753e-05
8028.0	-0.000106041937543
8030.0	0.000127958969948
8032.0	-0.000159578582976
8034.0	-0.000325759002873
8036.0	0.000245880374852
8038.0	8.42309762072e-05
8040.0	-0.000285716546663
8042.0	-0.000266149887071
8044.0	0.000161314560015
8046.0	0.00021947211909
8048.0	-0.00051138902958
8050.0	-0.00090459520997
8052.0	-0.000440870969459
8054.0	-0.000146358499898
8056.0	-0.000467404122007
8058.0	-0.000733704370924
8060.0	-0.000868797131075
8062.0	-0.000795095298542
8064.0	-0.000275146543209
8304.0	0.0
8306.0	0.000369270687729
8308.0	-0.000394409688521
8310.0	-0.00196695474489
8312.0	-0.0053254738617
8314.0	-0.0112486440012
8316.0	-0.0184266202702
8318.0	-0.0257186091062
8320.0	-0.0326638781868
8322.0	-0.0398129842299
8324.0	-0.0463571325401
8326.0	-0.0524106574431
8328.0	-0.0577149220472
8330.0	-0.0626163578792
8332.0	-0.0667522133183
8334.0	-0.0686059049204
8336.0	-0.0677259734581
8338.0	-0.0652508727892
8340.0	-0.0621181606595
8342.0	-0.0583942138631
8344.0	-0.0546314402784
8346.0	-0.050284229613
8348.0	-0.0462067081772
8350.0	-0.0424313044947
8352.0	-0.0388628375485
8354.0	-0.0353253740476
8356.0	-0.0314916830516
8358.0	-0.0284812782879
8360.0	-0.025810086593
8362.0	-0.0234004520139
8364.0	-0.0208658981583
8366.0	-0.0186552263837
8368.0	-0.016909374991
8370.0	-0.0153724952151
8372.0	-0.0137200813808
8374.0	-0.0119155483169
8376.0	-0.0108800322113
8378.0	-0.0103526873067
8380.0	-0.00972143369462
8382.0	-0.00912705390879
8384.0	-0.00794887058098
8386.0	-0.00675495174087
8388.0	-0.00634029934053
8390.0	-0.00571621175176
8392.0	-0.00484965724231
8394.0	-0.00391867761598
8396.0	-0.00341174416088
8398.0	-0.00352098289721
8400.0	-0.00303623680673
8402.0	-0.00266020587047
8404.0	-0.00235988501655
8406.0	-0.00168006952881
8408.0	-0.00131652548889
8410.0	-0.00153973258402
8412.0	-0.00124728266197
8414.0	-0.00116209425895
8416.0	-0.000881693423803
8418.0	-0.000740140284744
8420.0	-0.000497845809373
8422.0	-0.000606834982271
8424.0	-0.000698677716349
8426.0	-0.00074914552722
8428.0	-0.000363466561086
8430.0	-0.00031638762126
8432.0	-3.11104218411e-05
8434.0	0.000353679895815
8436.0	0.000221086130021
8438.0	0.000179191629943
8440.0	0.000305569852349
8442.0	-1.8561476816e-05
8444.0	0.000191549540882
8446.0	0.000992311688971
8448.0	0.00117139328823
8450.0	0.000804376459382
8452.0	0.0008625950626
8454.0	0.000827771774436
8456.0	0.000674575794202
8458.0	0.000656797822572
8460.0	0.000733028157962
8462.0	0.000606551306826
8464.0	0.000641168209622
8704.0	0.0
8706.0	-0.00163394383861
8708.0	-0.00236150727351
8710.0	-0.00432969625469
8712.0	-0.00549774361769
8714.0	-0.00792383064737
8716.0	-0.0119165136107
8718.0	-0.0172647170294
8720.0	-0.0225681237061
8722.0	-0.0291937797044
8724.0	-0.0352833529022
8726.0	-0.0413406838986
8728.0	-0.0467250314261
8730.0	-0.0498637150431
8732.0	-0.051382800168
8734.0	-0.0528894729556
8736.0	-0.053103239433
8738.0	-0.0521386791235
8740.0	-0.0503659161949
8742.0	-0.0478507266515
8744.0	-0.0441266131156
8746.0	-0.040614571284
8748.0	-0.0372900506076
8750.0	-0.0338968573614
8752.0	-0.0304180197803
8754.0	-0.0277329183804
8756.0	-0.0256324768279
8758.0	-0.0228132748203
8760.0	-0.0198022431072
8762.0	-0.0176149707234
8764.0	-0.0157299862472
8766.0	-0.0140101585404
8768.0	-0.0123377714287
8770.0	-0.0101649988279
8772.0	-0.00920264410418
8774.0	-0.00843603994098
8776.0	-0.00741808426749
8778.0	-0.00597209018971
8780.0	-0.004535891953
8782.0	-0.00397092795334
8784.0	-0.00358707524757
8786.0	-0.00273333458045
8788.0	-0.00212561444149
8790.0	-0.00220733977994
8792.0	-0.00185239901042
8794.0	-0.0011918608851
8796.0	-0.000678359444954
8798.0	-0.000844412031745
8800.0	-0.000734016108179
8802.0	-0.000597492481
8804.0	0.000218702443553
8806.0	0.000578254252573
8808.0	0.000464143630215
8810.0	0.000514858687421
8812.0	0.000387159712375
8814.0	0.000290142927872
8816.0	0.000660867854936
8818.0	0.000805611884161
8820.0	0.000233486618355
8822.0	-0.000429870035483
8824.0	-0.000255830366807
8826.0	-0.00032360402231
8828.0	-5.77541251131e-05
8830.0	3.12590213618e-05
8832.0	-1.20227889945e-05
8834.0	0.000158160581888
8836.0	0.000296163680113
8838.0	0.00083721250258
8840.0	0.000720520202804
8842.0	0.00098727623362
8844.0	0.00120753405243
8846.0	0.0014120304989
8848.0	0.00121315795748
8850.0	0.000994188076091
8852.0	0.00137721732566
8854.0	0.00129234664038
8856.0	0.00122483024277
8858.0	0.000947319550931
8860.0	0.000813420862777
8862.0	0.000537951461815
8864.0	0.000148526251232
9104.0	0.0
9106.0	-0.00135303607932
9108.0	-0.00177004542437
9110.0	-0.00294531237824
9112.0	-0.00380044360571
9114.0	-0.00587118694226
9116.0	-0.00955848853336
9118.0	-0.0144692539947
9120.0	-0.019388359855
9122.0	-0.0251570869603
9124.0	-0.030605613668
9126.0	-0.0358107808653
9128.0	-0.0401509078968
9130.0	-0.0430975888718
9132.0	-0.0447992197184
9134.0	-0.0459882336028
9136.0	-0.0457992950025
9138.0	-0.0444879895497
9140.0	-0.0428461512574
9142.0	-0.0407482464571
9144.0	-0.0376611213142
9146.0	-0.0347609648839
9148.0	-0.0320115532308
9150.0	-0.0293281630669
9152.0	-0.0264739831138
9154.0	-0.0244323640504
9156.0	-0.0224749481124
9158.0	-0.0203158030295
9160.0	-0.0179361249779
9162.0	-0.0160261860915
9164.0	-0.0147641662935
9166.0	-0.0133509375885
9168.0	-0.0119634814008
9170.0	-0.0104482689337
9172.0	-0.0094354072906
9174.0	-0.00836483358465
9176.0	-0.00759299839369
9178.0	-0.00657479917056
9180.0	-0.00561646276733
9182.0	-0.00495185170384
9184.0	-0.00449810324382
9186.0	-0.00385993105983
9188.0	-0.00329095074361
9190.0	-0.00302205933401
9192.0	-0.0025759289291
9194.0	-0.00191466333399
9196.0	-0.00163961848933
9198.0	-0.00203952278595
9200.0	-0.00188604521438
9202.0	-0.00137875200323
9204.0	-0.000603522625226
9206.0	-0.000472840124027
9208.0	-0.000291999214709
9210.0	-3.69827371282e-05
9212.0	-1.0361696832e-05
9214.0	-7.53170151732e-05
9216.0	0.000453309981304
9218.0	0.000482046500336
9220.0	6.08347679739e-05
9222.0	-0.000189461963008
9224.0	0.000144504561051
9226.0	0.000363622417245
9228.0	0.000391421770344
9230.0	0.000193256166528
9232.0	7.95885327223e-05
9234.0	0.000172777946793
9236.0	0.000270978728547
9238.0	0.000383840554353
9240.0	0.000266321650411
9242.0	0.000403555594557
9244.0	0.000702663847179
9246.0	0.000886667510605
9248.0	0.000553830783685
9250.0	0.00034255783285
9252.0	0.000693279616362
9254.0	0.000896175113006
9256.0	0.00120783080757
9258.0	0.000855709386603
9260.0	0.000760127502704
9262.0	0.000609163131319
9264.0	0.000431967259781
9504.0	0.0
9506.0	-0.00100455781162
9508.0	-0.0017957121402
9510.0	-0.0032900487803
9512.0	-0.00438164075047
9514.0	-0.00612936534439
9516.0	-0.00911240169762
9518.0	-0.0126245763189
9520.0	-0.0161234649056
9522.0	-0.0204373966271
9524.0	-0.0251946894263
9526.0	-0.0298435680991
9528.0	-0.0334026620806
9530.0	-0.0358028202966
9532.0	-0.0372439414295
9534.0	-0.0389208387983
9536.0	-0.0396599823005
9538.0	-0.0391192584782
9540.0	-0.038078321928
9542.0	-0.0368860780091
9544.0	-0.0346016035511
9546.0	-0.0318688271889
9548.0	-0.0293230523296
9550.0	-0.027152934343
9552.0	-0.0247389273077
9554.0	-0.0227099905473
9556.0	-0.0209206556176
9558.0	-0.0190947449091
9560.0	-0.0171506186766
9562.0	-0.0153500913246
9564.0	-0.0140350392792
9566.0	-0.0127544709679
9568.0	-0.0115217320185
9570.0	-0.0099165938528
9572.0	-0.00863034131568
9574.0	-0.0072016040561
9576.0	-0.00660258619837
9578.0	-0.00595440705055
9580.0	-0.00506501784206
9582.0	-0.00452724602452
9584.0	-0.00428319356779
9586.0	-0.00370574999276
9588.0	-0.00330873782584
9590.0	-0.00297530480264
9592.0	-0.00260788041226
9594.0	-0.00199280997186
9596.0	-0.00171184943234
9598.0	-0.00206184150931
9600.0	-0.00191856134598
9602.0	-0.0016119654982
9604.0	-0.000841617302865
9606.0	-0.000520062171647
9608.0	-0.000168909787938
9610.0	8.05486907069e-05
9612.0	0.000301900773961
9614.0	0.000383318772072
9616.0	0.000778413390946
9618.0	0.000686682103851
9620.0	0.000363397910288
9622.0	0.00034760387917
9624.0	0.000619883236409
9626.0	0.000727610912977
9628.0	0.00064428581029
9630.0	0.000595320473908
9632.0	0.000348004666788
9634.0	0.000275484236638
9636.0	0.000609100439969
9638.0	0.000595033607018
9640.0	0.000276236675897
9642.0	0.000262036512338
9644.0	0.00070949231608
9646.0	0.000910249853038
9648.0	0.000320727083078
9650.0	-9.62929888934e-05
9652.0	0.000356779903042
9654.0	0.000624889894021
9656.0	0.000691163176809
9658.0	0.000270933637007
9660.0	8.56000092707e-05
9662.0	3.7487745221e-05
9664.0	0.000194061291568
9904.0	0.0
9906.0	-0.000312917345267
9908.0	-0.000919507937131
9910.0	-0.00187012786643
9912.0	-0.00247715416678
9914.0	-0.00396338119372
9916.0	-0.00647036801756
9918.0	-0.00955810097985
9920.0	-0.0127452315249
9922.0	-0.0164472046875
9924.0	-0.0200081331137
9926.0	-0.0233741547925
9928.0	-0.026411393202
9930.0	-0.028415687744
9932.0	-0.029943488519
9934.0	-0.0320414013528
9936.0	-0.0335915525121
9938.0	-0.0341977938936
9940.0	-0.0334978656852
9942.0	-0.0323325271773
9944.0	-0.0305112116109
9946.0	-0.028208872482
9948.0	-0.0260086161461
9950.0	-0.0238318236679
9952.0	-0.0216775706651
9954.0	-0.0194597587852
9956.0	-0.0180183001888
9958.0	-0.016129769748
9960.0	-0.014359709776
9962.0	-0.012894725019
9964.0	-0.011128349472
9966.0	-0.00988898172175
9968.0	-0.00878922772608
9970.0	-0.00710468938796
9972.0	-0.00622048313223
9974.0	-0.00567378995142
9976.0	-0.00493528678429
9978.0	-0.00407239514897
9980.0	-0.00297080721157
9982.0	-0.00271267891775
9984.0	-0.00261413334759
9986.0	-0.00211315939442
9988.0	-0.00182469247836
9990.0	-0.00188088735246
9992.0	-0.00175375352884
9994.0	-0.00152928872789
9996.0	-0.00104248681409
9998.0	-0.000658547770176
10000.0	-0.000576539569541
10002.0	-0.000913167312862
10004.0	-0.000620962437971
10006.0	-0.000148118215549
10008.0	-0.000260788515002
10010.0	-0.000342190838229
10012.0	-0.000309808405103
10014.0	-0.000179507595493
10016.0	-0.000272030706802
10018.0	-0.000181902303311
10020.0	-0.000302407394891
10022.0	-0.000564935637413
10024.0	-0.000652496605794
10026.0	-0.000899090730064
10028.0	-0.000674033603337
10030.0	-0.000256610690555
10032.0	-0.000238918670353
10034.0	-0.000205785998748
10036.0	2.96817616594e-05
10038.0	0.000422618363406
10040.0	0.000265531170688
10042.0	0.000409959457653
10044.0	0.000454329078136
10046.0	0.000468400052635
10048.0	0.000372155715371
10050.0	0.000252465577432
10052.0	0.000457380448209
10054.0	0.000248874761488
10056.0	-0.000261574146204
10058.0	-0.00024836994968
10060.0	-0.000342371087009
10062.0	-0.000416353073352
10064.0	-0.000434835838674
10304.0	0.0
10306.0	-0.000588109837974
10308.0	-0.0013584850701
10310.0	-0.00271849592159
10312.0	-0.00345048086294
10314.0	-0.00438562426709
10316.0	-0.00589245954687
10318.0	-0.00759015024557
10320.0	-0.00931238423083
10322.0	-0.0119128158534
10324.0	-0.015039426666
10326.0	-0.018383179648
10328.0	-0.0212150606032
10330.0	-0.0229559109757
10332.0	-0.0240443623773
10334.0	-0.025872842019
10336.0	-0.0272847585021
10338.0	-0.0277529008772
10340.0	-0.0273550392143
10342.0	-0.0267181904471
10344.0	-0.0252218297464
10346.0	-0.0231969802233
10348.0	-0.0212917714772
10350.0	-0.0196107891553
10352.0	-0.0178352266968
10354.0	-0.0160786147269
10356.0	-0.0149213653194
10358.0	-0.0134221712618
10360.0	-0.0119411933419
10362.0	-0.0106593014971
10364.0	-0.00933274408939
10366.0	-0.00834542990564
10368.0	-0.00741090819522
10370.0	-0.00589327293977
10372.0	-0.00502240398135
10374.0	-0.00426049021414
10376.0	-0.00375222475294
10378.0	-0.00315679826557
10380.0	-0.00225951403606
10382.0	-0.00204018223312
10384.0	-0.00202693019169
10386.0	-0.0015658318353
10388.0	-0.00135031147189
10390.0	-0.0013634813098
10392.0	-0.00124997645847
10394.0	-0.000932710140568
10396.0	-0.000570234698473
10398.0	-0.000513509826449
10400.0	-0.000459808769419
10402.0	-0.000652768200158
10404.0	-0.000195403942416
10406.0	0.000240298092062
10408.0	0.000295420495716
10410.0	0.000301607694019
10412.0	0.000401536222115
10414.0	0.000502381680308
10416.0	0.000538190046487
10418.0	0.000531367068198
10420.0	0.000299033534763
10422.0	0.000105813391532
10424.0	0.000126411944827
10426.0	-5.60517208795e-05
10428.0	2.10030280783e-05
10430.0	0.000285604943614
10432.0	0.000156598452709
10434.0	0.000100673913121
10436.0	0.000419471061963
10438.0	0.000680765322662
10440.0	0.000413261258076
10442.0	0.00045153534869
10444.0	0.000692550957607
10446.0	0.000795126378369
10448.0	0.000464072488121
10450.0	0.000163246792243
10452.0	0.000483224449103
10454.0	0.000439999886198
10456.0	9.05242750636e-05
10458.0	-9.86066682809e-05
10460.0	-0.000265291359108
10462.0	-0.000325923296194
10464.0	-0.000249363332192
10704.0	0.0
10706.0	-0.000551351140279
10708.0	-0.0010566173901
10710.0	-0.00178238246584
10712.0	-0.00209308940767
10714.0	-0.00261799464709
10716.0	-0.00383655630572
10718.0	-0.00528471050821
10720.0	-0.00678484974954
10722.0	-0.0089683271593
10724.0	-0.0117873924268
10726.0	-0.0147461938823
10728.0	-0.0170307669032
10730.0	-0.0188558761664
10732.0	-0.0203074568213
10734.0	-0.0220336137701
10736.0	-0.0231020636353
10738.0	-0.0232112106734
10740.0	-0.0228935261544
10742.0	-0.0224696956708
10744.0	-0.0212642082991
10746.0	-0.0196208545129
10748.0	-0.018058853213
10750.0	-0.0168140034779
10752.0	-0.0154050942227
10754.0	-0.0141484331864
10756.0	-0.0130402115143
10758.0	-0.0119603811329
10760.0	-0.0108362570979
10762.0	-0.00970779331327
10764.0	-0.00888395751027
10766.0	-0.00809078325584
10768.0	-0.00729992973569
10770.0	-0.00623714026221
10772.0	-0.00535531732368
10774.0	-0.00435752079547
10776.0	-0.00402806438666
10778.0	-0.00370777297695
10780.0	-0.00315571856696
10782.0	-0.00283807077491
10784.0	-0.0027308879871
10786.0	-0.00237916147918
10788.0	-0.00217188565977
10790.0	-0.00192392525317
10792.0	-0.00170852886632
10794.0	-0.00133014842525
10796.0	-0.00116203322631
10798.0	-0.00138395914227
10800.0	-0.00128592677328
10802.0	-0.00113503524894
10804.0	-0.000647828041444
10806.0	-0.000396572384625
10808.0	-0.000115278261331
10810.0	4.20954107362e-05
10812.0	0.000240530459843
10814.0	0.000323868182228
10816.0	0.000537589786754
10818.0	0.000453349203652
10820.0	0.000272347667376
10822.0	0.00033061893029
10824.0	0.000510534376316
10826.0	0.000573694263847
10828.0	0.000474704774242
10830.0	0.000472327557467
10832.0	0.000306739398081
10834.0	0.000223006305563
10836.0	0.00047744478838
10838.0	0.000434930459916
10840.0	0.000169681288714
10842.0	9.69964284753e-05
10844.0	0.000422597502797
10846.0	0.000567272903899
10848.0	0.000143498121222
10850.0	-0.00017990509784
10852.0	0.000135811852243
10854.0	0.000320603179586
10856.0	0.000341017361299
10858.0	4.84172493242e-05
10860.0	-0.000100052298528
10862.0	-8.9972410916e-05
10864.0	8.641452807e-05
